0	-6.4
0.02	-7.2
0.04	-6.6
0.06	-6.4
0.08	-7.2
0.1	-6.8
0.12	-7.4
0.14	-6.4
0.16	-6.4
0.18	-6.4
0.2	-7
0.22	-6.6
0.24	-6.6
0.26	-6.2
0.28	-6.4
0.3	-6.4
0.32	-6.2
0.34	-6.2
0.36	-6.6
0.38	-6.4
0.4	-6.8
0.42	-6.8
0.44	-6.4
0.46	-6.2
0.48	-6.8
0.5	-6.2
0.52	-6.2
0.54	-7
0.56	-6.2
0.58	-6.4
0.6	-6.4
0.62	-7
0.64	-6.2
0.66	-6.6
0.68	-6.4
0.7	-6.4
0.72	-6.6
0.74	-6.6
0.76	-6.2
0.78	-6.4
0.8	-6
0.82	-6.4
0.84	-6.4
0.86	-6.2
0.88	-6.4
0.9	-6.4
0.92	-6.4
0.94	-6.4
0.96	-6.8
0.98	-6.8
1	-6.6
1.02	-6
1.04	-6.2
1.06	-6.2
1.08	-6
1.1	-6
1.12	-6
1.14	-6
1.16	-6
1.18	-5.8
1.2	-5.8
1.22	-6
1.24	-5.8
1.26	-6.2
1.28	-6.2
1.3	-6
1.32	-6
1.34	-6.4
1.36	-6
1.38	-6.2
1.4	-6.4
1.42	-6
1.44	-5.8
1.46	-6
1.48	-5.8
1.5	-6.2
1.52	-6.4
1.54	-6.4
1.56	-6.6
1.58	-6
1.6	-5.8
1.62	-6
1.64	-6
1.66	-6
1.68	-5.6
1.7	-6.4
1.72	-6.4
1.74	-6.4
1.76	-6.6
1.78	-5.6
1.8	-6
1.82	-6.2
1.84	-5.6
1.86	-5.6
1.88	-6.2
1.9	-5.6
1.92	-5.8
1.94	-5.8
1.96	-6
1.98	-5.6
2	-6.6
2.02	-5.8
2.04	-5.6
2.06	-5.4
2.08	-6
2.1	-5.4
2.12	-6.2
2.14	-6
2.16	-5.8
2.18	-5.8
2.2	-5.4
2.22	-6.2
2.24	-5.6
2.26	-5.6
2.28	-5.6
2.3	-5.6
2.32	-5.6
2.34	-5.8
2.36	-5.8
2.38	-5.4
2.4	-5.6
2.42	-5.4
2.44	-5.2
2.46	-5.2
2.48	-6.2
2.5	-5.6
2.52	-5.2
2.54	-5.8
2.56	-4.8
2.58	-5.2
2.6	-5.4
2.62	-5
2.64	-5.2
2.66	-5.4
2.68	-4.6
2.7	-5.2
2.72	-4.8
2.74	-5.6
2.76	-4.6
2.78	-4.6
2.8	-4.8
2.82	-5
2.84	-4.6
2.86	-4.6
2.88	-4.8
2.9	-4.4
2.92	-5
2.94	-4.4
2.96	-5.4
2.98	-4.6
3	-4.2
3.02	-5
3.04	-4.4
3.06	-4.6
3.08	-4.6
3.1	-4.4
3.12	-4.4
3.14	-4.6
3.16	-4.4
3.18	-4.6
3.2	-5
3.22	-4.8
3.24	-5
3.26	-4.4
3.28	-4.4
3.3	-5
3.32	-5
3.34	-5.6
3.36	-4.8
3.38	-4.8
3.4	-5
3.42	-4.6
3.44	-5.6
3.46	-5
3.48	-5.4
3.5	-4.8
3.52	-5.4
3.54	-4.8
3.56	-5
3.58	-5.2
3.6	-5
3.62	-5.4
3.64	-5
3.66	-4.6
3.68	-5
3.7	-4.8
3.72	-5.2
3.74	-4.8
3.76	-4.8
3.78	-5.4
3.8	-4.8
3.82	-5.4
3.84	-4.8
3.86	-5
3.88	-4.8
3.9	-5.4
3.92	-4.8
3.94	-5.2
3.96	-4.8
3.98	-5
4	-4.8
4.02	-5.2
4.04	-4.8
4.06	-4.8
4.08	-4.6
4.1	-5
4.12	-4.8
4.14	-4.6
4.16	-4.6
4.18	-4.8
4.2	-5
4.22	-5
4.24	-5
4.26	-4.8
4.28	-5.2
4.3	-5
4.32	-5.4
4.34	-5
4.36	-5.4
4.38	-5
4.4	-4.4
4.42	-4.6
4.44	-4.6
4.46	-5
4.48	-5.2
4.5	-5
4.52	-5.8
4.54	-5
4.56	-4.6
4.58	-4.8
4.6	-4.8
4.62	-4.8
4.64	-5
4.66	-5.4
4.68	-5.2
4.7	-5.4
4.72	-4.8
4.74	-4.8
4.76	-5.4
4.78	-5
4.8	-5
4.82	-4.8
4.84	-5.2
4.86	-5.2
4.88	-5
4.9	-4.8
4.92	-6
4.94	-5.2
4.96	-5.4
4.98	-5.8
5	-5
5.02	-5.2
5.04	-5.4
5.06	-4.6
5.08	-5.2
5.1	-5.2
5.12	-5
5.14	-5.2
5.16	-5
5.18	-5.4
5.2	-4.8
5.22	-5.2
5.24	-5
5.26	-5.6
5.28	-5
5.3	-4.8
5.32	-5.8
5.34	-4.8
5.36	-5
5.38	-5.6
5.4	-5
5.42	-5.4
5.44	-4.6
5.46	-5
5.48	-5.4
5.5	-5.2
5.52	-5.4
5.54	-4.8
5.56	-5.2
5.58	-4.8
5.6	-5
5.62	-5
5.64	-5
5.66	-4.6
5.68	-5
5.7	-5.4
5.72	-5.2
5.74	-5
5.76	-4.8
5.78	-4.8
5.8	-5.2
5.82	-5
5.84	-5.2
5.86	-4.8
5.88	-4.8
5.9	-5.6
5.92	-5
5.94	-5
5.96	-5.6
5.98	-5.2
6	-5.2
6.02	-5
6.04	-5
6.06	-5
6.08	-5
6.1	-5
6.12	-5.2
6.14	-5.8
6.16	-5
6.18	-5
6.2	-5.8
6.22	-5
6.24	-5
6.26	-5.4
6.28	-5.4
6.3	-5.6
6.32	-5
6.34	-5.4
6.36	-5
6.38	-5
6.4	-5.6
6.42	-5.4
6.44	-5
6.46	-5.8
6.48	-5.2
6.5	-5.2
6.52	-5.4
6.54	-5
6.56	-5
6.58	-5
6.6	-5.8
6.62	-5
6.64	-5.2
6.66	-5.4
6.68	-6
6.7	-5.4
6.72	-5
6.74	-5
6.76	-5.2
6.78	-5.4
6.8	-4.8
6.82	-5.8
6.84	-5.6
6.86	-5.8
6.88	-5.2
6.9	-5
6.92	-5.2
6.94	-5.2
6.96	-5.2
6.98	-5
7	-5.2
7.02	-5
7.04	-5
7.06	-5
7.08	-5.4
7.1	-5.8
7.12	-5.8
7.14	-5.6
7.16	-5
7.18	-5.4
7.2	-5
7.22	-5
7.24	-5
7.26	-5.4
7.28	-5.2
7.3	-5.2
7.32	-4.8
7.34	-6
7.36	-5.6
7.38	-5.4
7.4	-5
7.42	-5
7.44	-5.2
7.46	-5.4
7.48	-5.2
7.5	-5.2
7.52	-4.8
7.54	-5.8
7.56	-4.4
7.58	-5.4
7.6	-5
7.62	-4.4
7.64	-5.8
7.66	-5
7.68	-5.2
7.7	-5.8
7.72	-5.2
7.74	-5.4
7.76	-5
7.78	-5.2
7.8	-5
7.82	-5.8
7.84	-5.2
7.86	-5
7.88	-5.4
7.9	-5
7.92	-5
7.94	-5.4
7.96	-5.2
7.98	-5
8	-5.8
8.02	-5
8.04	-5
8.06	-5.6
8.08	-4.8
8.1	-5.2
8.12	-5.8
8.14	-4.8
8.16	-5.2
8.18	-5.6
8.2	-5.2
8.22	-5.4
8.24	-5
8.26	-5.8
8.28	-4.8
8.3	-5.2
8.32	-4.6
8.34	-5.4
8.36	-5.4
8.38	-5
8.4	-5.4
8.42	-5.4
8.44	-4.8
8.46	-5
8.48	-5
8.5	-5.4
8.52	-5
8.54	-5
8.56	-5.6
8.58	-5.2
8.6	-6
8.62	-5.2
8.64	-5
8.66	-5
8.68	-5.2
8.7	-5.4
8.72	-5.4
8.74	-6
8.76	-5.2
8.78	-5.8
8.8	-4.8
8.82	-5.2
8.84	-5.2
8.86	-5
8.88	-5.6
8.9	-5.4
8.92	-5.2
8.94	-5.4
8.96	-5
8.98	-5.6
9	-5
9.02	-5.2
9.04	-6
9.06	-5.2
9.08	-5.4
9.1	-5
9.12	-5.8
9.14	-5.2
9.16	-5.2
9.18	-5.2
9.2	-5.6
9.22	-5
9.24	-5.4
9.26	-5.8
9.28	-5.2
9.3	-5.2
9.32	-6
9.34	-5
9.36	-5.2
9.38	-5.8
9.4	-5.6
9.42	-5.4
9.44	-5
9.46	-5.6
9.48	-5
9.5	-5.4
9.52	-5
9.54	-5.2
9.56	-5.6
9.58	-5
9.6	-6
9.62	-5
9.64	-5
9.66	-5.6
9.68	-5.2
9.7	-5.2
9.72	-6
9.74	-5.4
9.76	-5.8
9.78	-6
9.8	-5.8
9.82	-5.4
9.84	-5
9.86	-6
9.88	-4.8
9.9	-5.6
9.92	-5.2
9.94	-6
9.96	-5
9.98	-5
10	-5
10.02	-5.4
10.04	-5.6
10.06	-5
10.08	-5.4
10.1	-5.8
10.12	-5.4
10.14	-5.2
10.16	-5.4
10.18	-5.2
10.2	-6
10.22	-5
10.24	-5.4
10.26	-5.4
10.28	-5.8
10.3	-5
10.32	-5.6
10.34	-6
10.36	-5.2
10.38	-5.4
10.4	-5.4
10.42	-6
10.44	-5.4
10.46	-6
10.48	-5.4
10.5	-5
10.52	-6
10.54	-5.8
10.56	-6
10.58	-5.2
10.6	-5.8
10.62	-6.4
10.64	-5.8
10.66	-5.6
10.68	-6.4
10.7	-5.4
10.72	-5.6
10.74	-5.8
10.76	-5.6
10.78	-6.4
10.8	-5.8
10.82	-6
10.84	-6.2
10.86	-5.8
10.88	-5.8
10.9	-5.4
10.92	-6.2
10.94	-6
10.96	-6.6
10.98	-5.4
11	-5.6
11.02	-6.8
11.04	-6
11.06	-5.4
11.08	-6.2
11.1	-5.8
11.12	-5.8
11.14	-6.4
11.16	-5.4
11.18	-6
11.2	-6
11.22	-6.8
11.24	-6
11.26	-6
11.28	-5.8
11.3	-6.2
11.32	-6.8
11.34	-6.2
11.36	-5.8
11.38	-6.2
11.4	-6.6
11.42	-6.4
11.44	-6.2
11.46	-6
11.48	-6
11.5	-6
11.52	-6.4
11.54	-6.4
11.56	-7
11.58	-5.8
11.6	-6.4
11.62	-6.8
11.64	-6.8
11.66	-6.8
11.68	-6.2
11.7	-6
11.72	-6.4
11.74	-7.2
11.76	-6.8
11.78	-6.8
11.8	-6.2
11.82	-6.2
11.84	-6.4
11.86	-7.2
11.88	-6.6
11.9	-7
11.92	-7
11.94	-6.8
11.96	-6.2
11.98	-7
12	-6.8
12.02	-6.2
12.04	-6
12.06	-6.4
12.08	-6.6
12.1	-6.4
12.12	-6
12.14	-6.4
12.16	-6.2
12.18	-6.6
12.2	-6.4
12.22	-6.8
12.24	-6.6
12.26	-6
12.28	-6.8
12.3	-6.2
12.32	-6.6
12.34	-6.2
12.36	-6.4
12.38	-6.6
12.4	-6.2
12.42	-6.4
12.44	-6.2
12.46	-6
12.48	-6.6
12.5	-6.4
12.52	-6
12.54	-6
12.56	-6.4
12.58	-6.6
12.6	-6
12.62	-5.8
12.64	-6.4
12.66	-6.2
12.68	-6.6
12.7	-6.4
12.72	-6.2
12.74	-6.2
12.76	-6.4
12.78	-6
12.8	-6
12.82	-6.8
12.84	-6
12.86	-5.8
12.88	-6.6
12.9	-6
12.92	-6.2
12.94	-6
12.96	-5.8
12.98	-6.2
13	-6
13.02	-6
13.04	-5.8
13.06	-5.8
13.08	-6.8
13.1	-5.6
13.12	-6
13.14	-6
13.16	-6
13.18	-6.4
13.2	-6
13.22	-6
13.24	-5.8
13.26	-6
13.28	-6.4
13.3	-5.8
13.32	-6
13.34	-5.8
13.36	-6
13.38	-6.6
13.4	-5.6
13.42	-6
13.44	-6.2
13.46	-5.8
13.48	-5.4
13.5	-6.6
13.52	-5.4
13.54	-5.8
13.56	-6
13.58	-6
13.6	-5.8
13.62	-6.2
13.64	-5.6
13.66	-5.6
13.68	-5.8
13.7	-6.4
13.72	-5.6
13.74	-5.8
13.76	-6.6
13.78	-5.8
13.8	-5.4
13.82	-6
13.84	-5.2
13.86	-6.4
13.88	-5.8
13.9	-5.8
13.92	-5.8
13.94	-5.8
13.96	-5.8
13.98	-5.4
14	-6
14.02	-5.8
14.04	-5.6
14.06	-6
14.08	-6
14.1	-6.2
14.12	-6
14.14	-5.4
14.16	-5.8
14.18	-5.4
14.2	-5.8
14.22	-5.6
14.24	-5.6
14.26	-5.6
14.28	-5.6
14.3	-6
14.32	-5.4
14.34	-5.4
14.36	-5.8
14.38	-5.2
14.4	-5.6
14.42	-5.6
14.44	-6
14.46	-5.8
14.48	-5
14.5	-5.2
14.52	-5.4
14.54	-5.4
14.56	-5.4
14.58	-5.2
14.6	-5.2
14.62	-5.4
14.64	-5.8
14.66	-5.8
14.68	-5.2
14.7	-5.2
14.72	-5.6
14.74	-5.2
14.76	-6
14.78	-5.4
14.8	-5.2
14.82	-5.2
14.84	-5.2
14.86	-5.6
14.88	-5.4
14.9	-5.2
14.92	-5.2
14.94	-5.2
14.96	-5
14.98	-5.4
15	-5
15.02	-5
15.04	-5.6
15.06	-5.6
15.08	-5.8
15.1	-5.8
15.12	-5.6
15.14	-5.6
15.16	-6
15.18	-5.6
15.2	-5
15.22	-5.4
15.24	-5.2
15.26	-5
15.28	-5.4
15.3	-5.2
15.32	-5
15.34	-5.2
15.36	-5.2
15.38	-5
15.4	-5.4
15.42	-5
15.44	-5
15.46	-5
15.48	-5.2
15.5	-4.8
15.52	-5.2
15.54	-5
15.56	-5.4
15.58	-6
15.6	-5.2
15.62	-5.4
15.64	-5.2
15.66	-5
15.68	-4.6
15.7	-4.8
15.72	-5
15.74	-5
15.76	-5.2
15.78	-5
15.8	-4.8
15.82	-5
15.84	-5.4
15.86	-5
15.88	-5.6
15.9	-4.8
15.92	-5
15.94	-5
15.96	-4.8
15.98	-5.4
16	-5.4
16.02	-5.2
16.04	-5.4
16.06	-5.4
16.08	-4.4
16.1	-4.6
16.12	-4.6
16.14	-4.6
16.16	-5.4
16.18	-4.6
16.2	-4.8
16.22	-4.8
16.24	-5
16.26	-4.8
16.28	-4.4
16.3	-5.2
16.32	-4.8
16.34	-4.6
16.36	-5.4
16.38	-4.6
16.4	-5
16.42	-4.6
16.44	-4.4
16.46	-5
16.48	-5
16.5	-4.8
16.52	-4.4
16.54	-4.8
16.56	-5
16.58	-4.4
16.6	-4.6
16.62	-4.2
16.64	-4.6
16.66	-5
16.68	-4.2
16.7	-4.2
16.72	-4.4
16.74	-5.2
16.76	-4.8
16.78	-5.2
16.8	-4.8
16.82	-5
16.84	-4.6
16.86	-4.6
16.88	-4.4
16.9	-4.8
16.92	-4.6
16.94	-4.4
16.96	-4.4
16.98	-5
17	-5
17.02	-5.6
17.04	-5.4
17.06	-5
17.08	-4.6
17.1	-5
17.12	-5
17.14	-5
17.16	-5.2
17.18	-5
17.2	-5.8
17.22	-5.6
17.24	-6.4
17.26	-5.4
17.28	-5.6
17.3	-5.2
17.32	-5.2
17.34	-5.4
17.36	-6.2
17.38	-5.4
17.4	-6
17.42	-5.4
17.44	-6
17.46	-5.4
17.48	-5.6
17.5	-5.4
17.52	-5.8
17.54	-5.4
17.56	-5.4
17.58	-5.8
17.6	-5.4
17.62	-5.8
17.64	-6
17.66	-6
17.68	-5.8
17.7	-6
17.72	-5.6
17.74	-6.4
17.76	-6
17.78	-6.2
17.8	-6.4
17.82	-6
17.84	-6.2
17.86	-6.6
17.88	-6.4
17.9	-6.4
17.92	-6.8
17.94	-6
17.96	-6.4
17.98	-6.2
18	-6.8
18.02	-6.4
18.04	-6.4
18.06	-6.6
18.08	-6
18.1	-7.4
18.12	-6.4
18.14	-6.8
18.16	-6.8
18.18	-6.8
18.2	-6.6
18.22	-7
18.24	-6.4
18.26	-7.6
18.28	-7
18.3	-7
18.32	-7
18.34	-7.2
18.36	-6.8
18.38	-7.8
18.4	-7
18.42	-7.2
18.44	-7.8
18.46	-7.2
18.48	-7.2
18.5	-7.2
18.52	-7
18.54	-7.4
18.56	-7.4
18.58	-7.2
18.6	-7.4
18.62	-7.6
18.64	-7.2
18.66	-8
18.68	-7.6
18.7	-7.4
18.72	-7.8
18.74	-7.8
18.76	-8
18.78	-7.6
18.8	-7.8
18.82	-8
18.84	-7.6
18.86	-7.6
18.88	-7.6
18.9	-8.2
18.92	-7.6
18.94	-7.6
18.96	-7.8
18.98	-7.6
19	-8.4
19.02	-7.6
19.04	-7.8
19.06	-8
19.08	-7.6
19.1	-8.2
19.12	-7.8
19.14	-8
19.16	-8
19.18	-8
19.2	-8
19.22	-8.4
19.24	-8.4
19.26	-8.4
19.28	-8.4
19.3	-7.6
19.32	-7.8
19.34	-7.6
19.36	-8
19.38	-8.4
19.4	-8
19.42	-8.2
19.44	-8.4
19.46	-8.4
19.48	-8.4
19.5	-8.4
19.52	-8.2
19.54	-8.4
19.56	-8
19.58	-8
19.6	-8.2
19.62	-7.8
19.64	-8.2
19.66	-8.6
19.68	-7.8
19.7	-8.2
19.72	-8
19.74	-8.8
19.76	-7.8
19.78	-8
19.8	-7.8
19.82	-8.6
19.84	-7.8
19.86	-8
19.88	-8
19.9	-7.6
19.92	-7.8
19.94	-7.8
19.96	-8
19.98	-8
20	-8
20.02	-7.8
20.04	-8
20.06	-8.4
20.08	-7.6
20.1	-8.2
20.12	-7.2
20.14	-8.4
20.16	-8
20.18	-8
20.2	-7.6
20.22	-7.6
20.24	-7.8
20.26	-7.6
20.28	-7.6
20.3	-7.8
20.32	-8.2
20.34	-7.6
20.36	-7.8
20.38	-7.8
20.4	-7.8
20.42	-7.4
20.44	-8
20.46	-8
20.48	-7.6
20.5	-7.6
20.52	-8
20.54	-7.6
20.56	-7.6
20.58	-8.2
20.6	-7.6
20.62	-7.8
20.64	-7.6
20.66	-8
20.68	-7.8
20.7	-7.8
20.72	-7.6
20.74	-7.8
20.76	-8
20.78	-7.8
20.8	-7.4
20.82	-8.2
20.84	-7.6
20.86	-7.6
20.88	-8
20.9	-7.8
20.92	-8
20.94	-7.6
20.96	-7.6
20.98	-7.6
21	-8.2
21.02	-7.4
21.04	-7.8
21.06	-7.8
21.08	-7.6
21.1	-7.6
21.12	-8
21.14	-8.2
21.16	-8.4
21.18	-8
21.2	-8.4
21.22	-8.2
21.24	-8.6
21.26	-9
21.28	-8.4
21.3	-8.4
21.32	-8.4
21.34	-8.8
21.36	-8.2
21.38	-8.4
21.4	-8.4
21.42	-9.2
21.44	-9.2
21.46	-8.8
21.48	-8.8
21.5	-8.6
21.52	-9.2
21.54	-9.4
21.56	-9
21.58	-8.8
21.6	-9.2
21.62	-8.8
21.64	-9
21.66	-9.4
21.68	-9.2
21.7	-8.8
21.72	-9.2
21.74	-9.2
21.76	-9
21.78	-9
21.8	-9.4
21.82	-9.2
21.84	-9.4
21.86	-9
21.88	-8.8
21.9	-9
21.92	-9.2
21.94	-9.2
21.96	-9.2
21.98	-9.4
22	-9.4
22.02	-9.4
22.04	-9.6
22.06	-9.6
22.08	-9.6
22.1	-9.8
22.12	-9.8
22.14	-10
22.16	-9.8
22.18	-10
22.2	-9.8
22.22	-10
22.24	-9.8
22.26	-9.8
22.28	-9.6
22.3	-9.6
22.32	-9.6
22.34	-9.6
22.36	-9.6
22.38	-9.4
22.4	-9.8
22.42	-9.6
22.44	-9.4
22.46	-9.6
22.48	-9.6
22.5	-9.8
22.52	-9.8
22.54	-9.4
22.56	-9.6
22.58	-9.6
22.6	-9.4
22.62	-9.4
22.64	-9.8
22.66	-9.8
22.68	-9.4
22.7	-9.4
22.72	-9.6
22.74	-9.4
22.76	-9.8
22.78	-9.6
22.8	-9.6
22.82	-9.4
22.84	-9.4
22.86	-9.4
22.88	-9.6
22.9	-9.6
22.92	-9.4
22.94	-9.6
22.96	-9.4
22.98	-9.8
23	-9.8
23.02	-9.6
23.04	-9.6
23.06	-9.4
23.08	-9.4
23.1	-9.8
23.12	-9.6
23.14	-9.4
23.16	-9.6
23.18	-9.4
23.2	-9.4
23.22	-9.8
23.24	-9.4
23.26	-9.6
23.28	-9.4
23.3	-9.4
23.32	-9.8
23.34	-9.4
23.36	-9.4
23.38	-9.4
23.4	-9.8
23.42	-9.4
23.44	-9.4
23.46	-9.6
23.48	-9.4
23.5	-9.6
23.52	-9.6
23.54	-9.6
23.56	-9
23.58	-9.6
23.6	-9.4
23.62	-9.4
23.64	-9.2
23.66	-9.4
23.68	-9.4
23.7	-9.4
23.72	-9.2
23.74	-9.2
23.76	-9.8
23.78	-9.4
23.8	-9.4
23.82	-9.6
23.84	-9.4
23.86	-9.2
23.88	-9.4
23.9	-9.4
23.92	-9.2
23.94	-9.4
23.96	-9.2
23.98	-9.6
24	-9.2
24.02	-9.4
24.04	-9.4
24.06	-9.4
24.08	-9.6
24.1	-9
24.12	-9.2
24.14	-9.4
24.16	-8.8
24.18	-9.2
24.2	-9
24.22	-9.4
24.24	-9
24.26	-9
24.28	-9.2
24.3	-9.2
24.32	-8.8
24.34	-9.2
24.36	-9
24.38	-9.2
24.4	-9.4
24.42	-9.2
24.44	-9
24.46	-9.4
24.48	-8.8
24.5	-9
24.52	-8.8
24.54	-9.2
24.56	-9
24.58	-9.4
24.6	-8.8
24.62	-9
24.64	-9.4
24.66	-9
24.68	-9.2
24.7	-9.2
24.72	-8.8
24.74	-9
24.76	-9.4
24.78	-8.8
24.8	-9.2
24.82	-8.8
24.84	-9
24.86	-9.2
24.88	-9.2
24.9	-9.2
24.92	-9
24.94	-8.8
24.96	-8.8
24.98	-9
25	-8.8
25.02	-8.8
25.04	-9
25.06	-9.2
25.08	-8.8
25.1	-8.8
25.12	-9.2
25.14	-8.8
25.16	-8.8
25.18	-8.8
25.2	-9.2
25.22	-9.2
25.24	-8.8
25.26	-8.6
25.28	-9
25.3	-8.8
25.32	-8.8
25.34	-9
25.36	-8.8
25.38	-8.8
25.4	-8.8
25.42	-8.8
25.44	-9
25.46	-9.2
25.48	-9
25.5	-8.6
25.52	-8.6
25.54	-8.8
25.56	-9
25.58	-8.4
25.6	-8
25.62	-8.6
25.64	-8.2
25.66	-8.4
25.68	-8.8
25.7	-8.8
25.72	-8.4
25.74	-8.4
25.76	-8.4
25.78	-8
25.8	-8.2
25.82	-8.8
25.84	-8.2
25.86	-8.2
25.88	-8.8
25.9	-8.4
25.92	-8
25.94	-8.2
25.96	-8.4
25.98	-8.8
26	-8
26.02	-7.8
26.04	-8.4
26.06	-8
26.08	-8.8
26.1	-8.4
26.12	-8
26.14	-8.2
26.16	-8.6
26.18	-8.8
26.2	-8.2
26.22	-8.4
26.24	-7.8
26.26	-8.6
26.28	-8.2
26.3	-8.4
26.32	-8.4
26.34	-8.4
26.36	-8.2
26.38	-8.4
26.4	-8.2
26.42	-8.2
26.44	-8.8
26.46	0
26.48	0
26.5	-0.4
26.52	-0.2
26.54	-0.2
26.56	0.2
26.58	-0.4
26.6	0
26.62	-0.4
26.64	0
26.66	-0.2
26.68	-0.8
26.7	-0.6
26.72	-0.8
26.74	-0.8
26.76	-0.2
26.78	-0.6
26.8	0
26.82	0
26.84	-0.2
26.86	-0.2
26.88	-0.8
26.9	0
26.92	-0.4
26.94	0
26.96	0
26.98	0
27	-0.6
27.02	-1.2
27.04	0.2
27.06	-0.6
27.08	-0.4
27.1	-0.4
27.12	-0.4
27.14	-0.2
27.16	0
27.18	-0.8
27.2	-0.4
27.22	0
27.24	-0.8
27.26	0
27.28	0
27.3	-0.6
27.32	0
27.34	-0.4
27.36	-0.4
27.38	0.4
27.4	0
27.42	-0.8
27.44	-0.6
27.46	0
27.48	-1
27.5	-0.6
27.52	-0.6
27.54	-0.8
27.56	-0.8
27.58	-0.6
27.6	-0.4
27.62	0.2
27.64	0.2
27.66	0.2
27.68	0.2
27.7	-0.2
27.72	-0.4
27.74	-0.2
27.76	-0.8
27.78	-0.4
27.8	-0.6
27.82	-0.8
27.84	-0.6
27.86	-0.8
27.88	-0.2
27.9	-0.4
27.92	0
27.94	-0.2
27.96	0.2
27.98	-0.8
28	-0.4
28.02	-0.6
28.04	-0.2
28.06	-0.6
28.08	-0.2
28.1	-0.6
28.12	0
28.14	-0.8
28.16	-0.8
28.18	-0.8
28.2	-0.6
28.22	-1
28.24	-0.2
28.26	-0.2
28.28	-0.6
28.3	-0.6
28.32	0
28.34	-0.6
28.36	-0.6
28.38	-0.4
28.4	0.2
28.42	-0.4
28.44	-0.8
28.46	-0.8
28.48	0.2
28.5	-0.8
28.52	-0.2
28.54	-0.8
28.56	-0.4
28.58	-0.4
28.6	-0.4
28.62	-0.6
28.64	-0.8
28.66	0
28.68	-0.8
28.7	-0.8
28.72	-0.6
28.74	-0.6
28.76	-0.6
28.78	0
28.8	-0.6
28.82	-0.4
28.84	-0.8
28.86	-0.8
28.88	-1.2
28.9	-0.6
28.92	0.4
28.94	-0.2
28.96	0
28.98	-0.2
29	0
29.02	-0.2
29.04	-0.4
29.06	-1
29.08	-0.4
29.1	0.2
29.12	-0.6
29.14	-0.2
29.16	-0.6
29.18	0.2
29.2	-0.4
29.22	0
29.24	-0.6
29.26	-0.6
29.28	0
29.3	-0.4
29.32	-0.2
29.34	0
29.36	-0.2
29.38	-1
29.4	-0.4
29.42	0.4
29.44	0.4
29.46	-0.2
29.48	-0.2
29.5	-0.6
29.52	-0.2
29.54	-0.8
29.56	0.2
29.58	-0.4
29.6	-0.4
29.62	0
29.64	-0.4
29.66	-0.6
29.68	0
29.7	-0.4
29.72	-0.4
29.74	0
29.76	0
29.78	-0.4
29.8	-0.2
29.82	-0.8
29.84	-1.2
29.86	-0.6
29.88	-0.8
29.9	0
29.92	-0.2
29.94	-0.2
29.96	-0.4
29.98	-0.8
30	-0.6
30.02	0
30.04	0
30.06	-0.4
30.08	0
30.1	-0.2
30.12	-0.2
30.14	0
30.16	-0.2
30.18	-1
30.2	0.2
30.22	-0.4
30.24	-0.2
30.26	-0.6
30.28	-0.4
30.3	-0.8
30.32	-0.8
30.34	-1
30.36	-1.2
30.38	-0.4
30.4	-0.8
30.42	-0.8
30.44	-0.6
30.46	-0.6
30.48	-0.6
30.5	0.2
30.52	-0.4
30.54	0
30.56	-0.6
30.58	-0.4
30.6	-0.6
30.62	-1
30.64	-0.8
30.66	-0.4
30.68	-0.4
30.7	-0.6
30.72	-0.6
30.74	-0.8
30.76	-0.4
30.78	-0.2
30.8	-0.6
30.82	0
30.84	-0.6
30.86	0.2
30.88	-0.4
30.9	-0.2
30.92	0
30.94	0.2
30.96	-0.4
30.98	-0.4
31	-1
31.02	-0.4
31.04	-0.8
31.06	-1
31.08	-0.6
31.1	-0.2
31.12	0.4
31.14	0.2
31.16	0
31.18	-0.4
31.2	0
31.22	-0.6
31.24	0
31.26	-0.4
31.28	0
31.3	-0.2
31.32	-0.6
31.34	-0.2
31.36	-0.6
31.38	-0.2
31.4	-0.2
31.42	-0.6
31.44	-0.2
31.46	-0.2
31.48	0
31.5	-0.2
31.52	-0.2
31.54	-0.8
31.56	-0.4
31.58	-0.8
31.6	-1
31.62	-0.6
31.64	-0.6
31.66	-0.8
31.68	0
31.7	-0.6
31.72	0.2
31.74	-0.2
31.76	0.2
31.78	-0.6
31.8	0
31.82	-1
31.84	-1
31.86	-0.8
31.88	0
31.9	-0.6
31.92	0
31.94	-0.8
31.96	0
31.98	-0.4
32	-0.8
32.02	-0.2
32.04	-0.4
32.06	-0.4
32.08	-0.6
32.1	-1
32.12	-0.4
32.14	-0.4
32.16	-0.8
32.18	0
32.2	0
32.22	-0.4
32.24	-0.6
32.26	-0.8
32.28	-0.2
32.3	-0.2
32.32	-0.6
32.34	-0.8
32.36	0
32.38	0.2
32.4	-0.2
32.42	-0.6
32.44	-0.6
32.46	-0.4
32.48	-0.8
32.5	0
32.52	0.2
32.54	-1.2
32.56	-0.2
32.58	-1
32.6	-0.2
32.62	0
32.64	-0.4
32.66	0
32.68	0.2
32.7	0
32.72	0.2
32.74	-0.8
32.76	-0.2
32.78	0
32.8	-0.2
32.82	0
32.84	-0.6
32.86	0
32.88	-0.8
32.9	0.2
32.92	-0.2
32.94	0.2
32.96	-0.2
32.98	0
33	-0.4
33.02	-0.8
33.04	0
33.06	0
33.08	-0.2
33.1	-0.4
33.12	-1
33.14	0
33.16	-0.8
33.18	-0.4
33.2	-0.6
33.22	0
33.24	-0.8
33.26	-0.6
33.28	-0.4
33.3	-0.6
33.32	-0.6
33.34	-1
33.36	0
33.38	-0.8
33.4	-0.6
33.42	-0.6
33.44	-0.2
33.46	-0.4
33.48	-0.6
33.5	-0.8
33.52	-0.6
33.54	-0.2
33.56	0
33.58	-0.6
33.6	-0.6
33.62	-0.4
33.64	-0.6
33.66	-0.6
33.68	-0.4
33.7	-0.4
33.72	-0.4
33.74	-1
33.76	-0.2
33.78	0
33.8	-0.2
33.82	-0.2
33.84	0
33.86	-0.6
33.88	-0.8
33.9	-0.4
33.92	-0.2
33.94	-0.2
33.96	-0.6
33.98	-0.4
34	0
34.02	0
34.04	-1
34.06	0
34.08	-0.8
34.1	-0.8
34.12	-0.2
34.14	-0.4
34.16	-0.6
34.18	-0.2
34.2	-0.4
34.22	-0.2
34.24	-0.4
34.26	-0.4
34.28	-0.8
34.3	-0.2
34.32	-0.6
34.34	0
34.36	-0.8
34.38	-0.2
34.4	-0.4
34.42	-0.8
34.44	0.2
34.46	-0.4
34.48	-0.4
34.5	-0.8
34.52	0
34.54	0.2
34.56	-0.4
34.58	-0.8
34.6	-1
34.62	0.2
34.64	-0.8
34.66	-0.8
34.68	0
34.7	-0.6
34.72	-0.6
34.74	-1
34.76	0
34.78	-0.4
34.8	-0.4
34.82	0
34.84	-0.6
34.86	-1.2
34.88	-0.2
34.9	-0.2
34.92	-0.8
34.94	-0.4
34.96	-0.4
34.98	-0.8
35	0
35.02	0
35.04	-0.6
35.06	-0.2
35.08	-0.6
35.1	-0.4
35.12	0
35.14	-0.4
35.16	0
35.18	-0.6
35.2	0
35.22	-0.6
35.24	0
35.26	0
35.28	-0.2
35.3	-0.8
35.32	-0.8
35.34	-0.8
35.36	-0.4
35.38	-0.2
35.4	-0.8
35.42	0
35.44	-0.6
35.46	0
35.48	-0.4
35.5	0
35.52	-0.8
35.54	-0.4
35.56	-0.2
35.58	-0.4
35.6	0
35.62	-0.4
35.64	-0.2
35.66	-0.6
35.68	-0.8
35.7	-0.2
35.72	0
35.74	-0.4
35.76	-0.2
35.78	0
35.8	-0.2
35.82	-0.2
35.84	-0.6
35.86	-0.2
35.88	0.2
35.9	-0.4
35.92	-0.4
35.94	-0.4
35.96	-0.6
35.98	0
36	-0.8
36.02	0.2
36.04	-0.4
36.06	-0.8
36.08	-0.4
36.1	-0.2
36.12	0
36.14	-0.4
36.16	0
36.18	-0.6
36.2	-0.6
36.22	-0.8
36.24	-0.4
36.26	0
36.28	-0.4
36.3	-0.8
36.32	-0.4
36.34	-0.6
36.36	-1
36.38	0.2
36.4	-0.6
36.42	-0.6
36.44	-0.4
36.46	0
36.48	-0.6
36.5	-0.4
36.52	-0.4
36.54	-0.2
36.56	-0.4
36.58	0
36.6	-0.2
36.62	-0.4
36.64	0
36.66	0
36.68	0
36.7	-0.8
36.72	-0.8
36.74	-0.8
36.76	-1
36.78	-0.2
36.8	-0.4
36.82	-0.6
36.84	-0.6
36.86	-1
36.88	-0.4
36.9	0
36.92	-0.4
36.94	-0.4
36.96	-0.4
36.98	0
37	0
37.02	-0.4
37.04	0.2
37.06	-0.4
37.08	0.4
37.1	-0.6
37.12	-0.4
37.14	-0.2
37.16	0.2
37.18	0
37.2	-0.6
37.22	-0.2
37.24	-0.2
37.26	-0.4
37.28	-0.2
37.3	-0.6
37.32	-0.8
37.34	-0.2
37.36	-0.4
37.38	0
37.4	-0.8
37.42	-0.8
37.44	-0.4
37.46	-1
37.48	0.4
37.5	0
37.52	-0.6
37.54	-0.4
37.56	0
37.58	0
37.6	-0.2
37.62	-0.2
37.64	-0.2
37.66	-0.8
37.68	-0.2
37.7	0.4
37.72	-0.6
37.74	-0.4
37.76	-0.4
37.78	-0.2
37.8	-0.8
37.82	-0.8
37.84	-0.2
37.86	-0.4
37.88	-0.8
37.9	-0.4
37.92	-0.2
37.94	-0.4
37.96	0
37.98	-0.2
38	-0.2
38.02	-0.6
38.04	0.2
38.06	-0.4
38.08	-0.8
38.1	-0.8
38.12	-0.2
38.14	-1.2
38.16	-0.2
38.18	-1
38.2	-1
38.22	-1
38.24	-0.2
38.26	-0.8
38.28	0.2
38.3	-0.4
38.32	0
38.34	-0.8
38.36	-0.4
38.38	-0.8
38.4	-0.2
38.42	-0.6
38.44	-0.6
38.46	-0.6
38.48	-1
38.5	-0.2
38.52	-0.6
38.54	-0.6
38.56	-0.6
38.58	-0.8
38.6	0.2
38.62	0
38.64	-0.4
38.66	-0.2
38.68	-0.8
38.7	-0.2
38.72	-0.2
38.74	0.4
38.76	-0.2
38.78	-0.8
38.8	-0.8
38.82	-0.8
38.84	-0.4
38.86	-0.8
38.88	-0.6
38.9	-0.4
38.92	-0.8
38.94	-0.2
38.96	-0.8
38.98	0
39	-1
39.02	0
39.04	-1
39.06	0
39.08	-0.6
39.1	0
39.12	0.2
39.14	-0.2
39.16	-0.4
39.18	-0.4
39.2	-0.6
39.22	-0.6
39.24	0
39.26	-0.6
39.28	0
39.3	-0.4
39.32	-0.2
39.34	-0.6
39.36	0
39.38	-0.2
39.4	-0.6
39.42	-0.6
39.44	0.2
39.46	-0.2
39.48	-1.2
39.5	-1
39.52	0
39.54	-0.8
39.56	-0.4
39.58	-1
39.6	-0.8
39.62	0
39.64	-0.8
39.66	0.2
39.68	-0.6
39.7	-0.6
39.72	-0.6
39.74	0
39.76	-0.2
39.78	0.2
39.8	-1
39.82	0
39.84	-0.6
39.86	-1.2
39.88	-0.4
39.9	0
39.92	-0.4
39.94	-0.4
39.96	-0.4
39.98	-0.6
40	-0.4
40.02	-1
40.04	0
40.06	-0.4
40.08	-0.4
40.1	-0.2
40.12	0
40.14	-0.8
40.16	-0.4
40.18	-0.6
40.2	0.2
40.22	-1
40.24	0.2
40.26	0.4
40.28	-0.8
40.3	-0.8
40.32	-0.4
40.34	0
40.36	-0.2
40.38	0
40.4	0
40.42	-0.4
40.44	-0.6
40.46	-1
40.48	-0.4
40.5	0
40.52	-1
40.54	0.2
40.56	-0.2
40.58	-0.6
40.6	-0.4
40.62	-0.4
40.64	0
40.66	0
40.68	0.2
40.7	-0.6
40.72	-1.2
40.74	-0.2
40.76	-0.8
40.78	-0.6
40.8	0
40.82	-0.6
40.84	-0.6
40.86	-1.2
40.88	-0.4
40.9	-0.6
40.92	-0.8
40.94	0.4
40.96	-0.8
40.98	0
41	-0.8
41.02	0.2
41.04	-0.6
41.06	0
41.08	-0.2
41.1	0.4
41.12	-0.4
41.14	-1.2
41.16	-0.8
41.18	-0.2
41.2	-0.8
41.22	0
41.24	0
41.26	-0.2
41.28	0
41.3	-0.4
41.32	-0.6
41.34	0
41.36	-0.4
41.38	-0.6
41.4	-0.4
41.42	-0.6
41.44	-0.2
41.46	-0.6
41.48	-0.2
41.5	0.2
41.52	-0.4
41.54	0
41.56	-0.8
41.58	-0.8
41.6	0
41.62	-0.6
41.64	0
41.66	-0.4
41.68	0.2
41.7	-0.8
41.72	-0.8
41.74	-0.8
41.76	-0.8
41.78	-0.2
41.8	-0.8
41.82	-0.2
41.84	-0.6
41.86	-1
41.88	-0.8
41.9	-0.4
41.92	-0.4
41.94	-0.2
41.96	-0.8
41.98	-0.4
42	-0.4
42.02	-0.4
42.04	-0.6
42.06	0
42.08	-0.6
42.1	-0.6
42.12	-0.2
42.14	0.2
42.16	-0.6
42.18	0.4
42.2	-0.8
42.22	0.2
42.24	-0.2
42.26	-0.8
42.28	-0.2
42.3	0.2
42.32	-0.6
42.34	0
42.36	-0.8
42.38	-0.8
42.4	0
42.42	-0.4
42.44	-0.4
42.46	-0.4
42.48	-0.8
42.5	-0.2
42.52	-0.6
42.54	-1
42.56	-0.6
42.58	0
42.6	-0.6
42.62	-0.4
42.64	-0.8
42.66	-0.2
42.68	-0.6
42.7	-0.8
42.72	0
42.74	-0.8
42.76	-0.6
42.78	-0.8
42.8	-0.2
42.82	-0.6
42.84	-0.2
42.86	-0.2
42.88	-0.4
42.9	-0.2
42.92	0
42.94	-0.8
42.96	-0.4
42.98	-0.8
43	0.2
43.02	-1
43.04	-0.8
43.06	-0.6
43.08	-0.8
43.1	-0.8
43.12	-0.8
43.14	-0.4
43.16	-0.8
43.18	-0.6
43.2	-0.6
43.22	-0.2
43.24	-0.2
43.26	-0.8
43.28	-0.2
43.3	-0.4
43.32	0
43.34	-0.4
43.36	-0.2
43.38	-1
43.4	-0.6
43.42	0.2
43.44	-0.8
43.46	0.2
43.48	0
43.5	-0.6
43.52	0
43.54	-0.8
43.56	0
43.58	0
43.6	-0.8
43.62	-0.6
43.64	0
43.66	-1
43.68	-0.2
43.7	-0.4
43.72	-0.2
43.74	-0.4
43.76	-0.8
43.78	-0.8
43.8	-0.4
43.82	-0.4
43.84	-0.2
43.86	-0.6
43.88	-0.4
43.9	-0.4
43.92	-0.6
43.94	-0.4
43.96	-0.2
43.98	-0.6
44	-0.4
44.02	-1.2
44.04	0.2
44.06	-0.2
44.08	0.2
44.1	-0.2
44.12	-0.6
44.14	-0.2
44.16	0
44.18	-0.4
44.2	-0.6
44.22	-0.4
44.24	-0.6
44.26	0
